seed,cls,kind,h,src,probe,n_pairs,n_routes,auc,auc_sym,paired_win
0,cutin,null,5,oracle,a,636,26,0.4983,0.5017,0.5031
0,cutin,null,5,oracle,b,636,26,0.5218,0.5218,0.5786
0,cutin,null,5,oracle,c,636,26,0.5213,0.5213,0.5582
0,cutin,null,5,oracle,d_front,636,26,0.5340,0.5340,0.5928
0,cutin,null,5,oracle,occ,636,26,0.4639,0.5361,0.4072
0,cutin,null,5,oracle,ped,636,26,0.3922,0.6078,0.2830
0,cutin,null,5,persist,a,636,26,0.5033,0.5033,0.4937
0,cutin,null,5,persist,b,636,26,0.5247,0.5247,0.5739
0,cutin,null,5,persist,c,636,26,0.5196,0.5196,0.5456
0,cutin,null,5,persist,d_front,636,26,0.5309,0.5309,0.5739
0,cutin,null,5,persist,occ,636,26,0.4664,0.5336,0.4151
0,cutin,null,5,persist,ped,636,26,0.3811,0.6189,0.2814
0,cutin,null,5,pred,a,636,26,0.4926,0.5074,0.4921
0,cutin,null,5,pred,b,636,26,0.5334,0.5334,0.5975
0,cutin,null,5,pred,c,636,26,0.5101,0.5101,0.5299
0,cutin,null,5,pred,d_front,636,26,0.5474,0.5474,0.6274
0,cutin,null,5,pred,occ,636,26,0.4493,0.5507,0.3836
0,cutin,null,5,pred,ped,636,26,0.3787,0.6213,0.2814
0,cutin,null,10,oracle,a,636,26,0.4970,0.5030,0.4811
0,cutin,null,10,oracle,b,636,26,0.5253,0.5253,0.5833
0,cutin,null,10,oracle,c,636,26,0.5182,0.5182,0.5676
0,cutin,null,10,oracle,d_front,636,26,0.5336,0.5336,0.6038
0,cutin,null,10,oracle,occ,636,26,0.4716,0.5284,0.4167
0,cutin,null,10,oracle,ped,636,26,0.3883,0.6117,0.2877
0,cutin,null,10,persist,a,636,26,0.5033,0.5033,0.4937
0,cutin,null,10,persist,b,636,26,0.5247,0.5247,0.5739
0,cutin,null,10,persist,c,636,26,0.5196,0.5196,0.5456
0,cutin,null,10,persist,d_front,636,26,0.5309,0.5309,0.5739
0,cutin,null,10,persist,occ,636,26,0.4664,0.5336,0.4151
0,cutin,null,10,persist,ped,636,26,0.3811,0.6189,0.2814
0,cutin,null,10,pred,a,636,26,0.4915,0.5085,0.4984
0,cutin,null,10,pred,b,636,26,0.5424,0.5424,0.6132
0,cutin,null,10,pred,c,636,26,0.5061,0.5061,0.5283
0,cutin,null,10,pred,d_front,636,26,0.5734,0.5734,0.6604
0,cutin,null,10,pred,occ,636,26,0.4252,0.5748,0.3758
0,cutin,null,10,pred,ped,636,26,0.3759,0.6241,0.2925
0,cutin,pair,5,oracle,a,1907,26,0.5669,0.5669,0.6911
0,cutin,pair,5,oracle,b,1907,26,0.5597,0.5597,0.7341
0,cutin,pair,5,oracle,c,1907,26,0.5428,0.5428,0.7137
0,cutin,pair,5,oracle,d_front,1907,26,0.2636,0.7364,0.2533
0,cutin,pair,5,oracle,occ,1907,26,0.6968,0.6968,0.7011
0,cutin,pair,5,oracle,ped,1907,26,0.5292,0.5292,0.6371
0,cutin,pair,5,persist,a,1907,26,0.5426,0.5426,0.6329
0,cutin,pair,5,persist,b,1907,26,0.5476,0.5476,0.6854
0,cutin,pair,5,persist,c,1907,26,0.5432,0.5432,0.6959
0,cutin,pair,5,persist,d_front,1907,26,0.3273,0.6727,0.3136
0,cutin,pair,5,persist,occ,1907,26,0.6490,0.6490,0.6675
0,cutin,pair,5,persist,ped,1907,26,0.5299,0.5299,0.6361
0,cutin,pair,5,pred,a,1907,26,0.5525,0.5525,0.6492
0,cutin,pair,5,pred,b,1907,26,0.5537,0.5537,0.6927
0,cutin,pair,5,pred,c,1907,26,0.5452,0.5452,0.7100
0,cutin,pair,5,pred,d_front,1907,26,0.2954,0.7046,0.2732
0,cutin,pair,5,pred,occ,1907,26,0.6790,0.6790,0.7079
0,cutin,pair,5,pred,ped,1907,26,0.5254,0.5254,0.6219
0,cutin,pair,10,oracle,a,1907,26,0.5938,0.5938,0.7472
0,cutin,pair,10,oracle,b,1907,26,0.5735,0.5735,0.7855
0,cutin,pair,10,oracle,c,1907,26,0.5436,0.5436,0.7226
0,cutin,pair,10,oracle,d_front,1907,26,0.1971,0.8029,0.1730
0,cutin,pair,10,oracle,occ,1907,26,0.7523,0.7523,0.7666
0,cutin,pair,10,oracle,ped,1907,26,0.4954,0.5046,0.5448
0,cutin,pair,10,persist,a,1907,26,0.5426,0.5426,0.6329
0,cutin,pair,10,persist,b,1907,26,0.5476,0.5476,0.6854
0,cutin,pair,10,persist,c,1907,26,0.5432,0.5432,0.6959
0,cutin,pair,10,persist,d_front,1907,26,0.3273,0.6727,0.3136
0,cutin,pair,10,persist,occ,1907,26,0.6490,0.6490,0.6675
0,cutin,pair,10,persist,ped,1907,26,0.5299,0.5299,0.6361
0,cutin,pair,10,pred,a,1907,26,0.5554,0.5554,0.6534
0,cutin,pair,10,pred,b,1907,26,0.5567,0.5567,0.7032
0,cutin,pair,10,pred,c,1907,26,0.5444,0.5444,0.7179
0,cutin,pair,10,pred,d_front,1907,26,0.2846,0.7154,0.2386
0,cutin,pair,10,pred,occ,1907,26,0.6904,0.6904,0.7431
0,cutin,pair,10,pred,ped,1907,26,0.5176,0.5176,0.5763
0,obstacle,null,5,oracle,a,1217,40,0.4580,0.5420,0.4281
0,obstacle,null,5,oracle,b,1217,40,0.5046,0.5046,0.5111
0,obstacle,null,5,oracle,c,1217,40,0.5546,0.5546,0.6302
0,obstacle,null,5,oracle,d_front,1217,40,0.4930,0.5070,0.4528
0,obstacle,null,5,oracle,occ,1217,40,0.4697,0.5303,0.4421
0,obstacle,null,5,oracle,ped,1217,40,0.4321,0.5679,0.3517
0,obstacle,null,5,persist,a,1217,40,0.4557,0.5443,0.4215
0,obstacle,null,5,persist,b,1217,40,0.5093,0.5093,0.5267
0,obstacle,null,5,persist,c,1217,40,0.5572,0.5572,0.6401
0,obstacle,null,5,persist,d_front,1217,40,0.4976,0.5024,0.4659
0,obstacle,null,5,persist,occ,1217,40,0.4622,0.5378,0.4240
0,obstacle,null,5,persist,ped,1217,40,0.4284,0.5716,0.3443
0,obstacle,null,5,pred,a,1217,40,0.4486,0.5514,0.4297
0,obstacle,null,5,pred,b,1217,40,0.5205,0.5205,0.5481
0,obstacle,null,5,pred,c,1217,40,0.5659,0.5659,0.6385
0,obstacle,null,5,pred,d_front,1217,40,0.5093,0.5093,0.5316
0,obstacle,null,5,pred,occ,1217,40,0.4672,0.5328,0.4117
0,obstacle,null,5,pred,ped,1217,40,0.4266,0.5734,0.3451
0,obstacle,null,10,oracle,a,1217,40,0.4658,0.5342,0.4248
0,obstacle,null,10,oracle,b,1217,40,0.4976,0.5024,0.4897
0,obstacle,null,10,oracle,c,1217,40,0.5485,0.5485,0.6113
0,obstacle,null,10,oracle,d_front,1217,40,0.4901,0.5099,0.4544
0,obstacle,null,10,oracle,occ,1217,40,0.4784,0.5216,0.4560
0,obstacle,null,10,oracle,ped,1217,40,0.4327,0.5673,0.3615
0,obstacle,null,10,persist,a,1217,40,0.4557,0.5443,0.4215
0,obstacle,null,10,persist,b,1217,40,0.5093,0.5093,0.5267
0,obstacle,null,10,persist,c,1217,40,0.5572,0.5572,0.6401
0,obstacle,null,10,persist,d_front,1217,40,0.4976,0.5024,0.4659
0,obstacle,null,10,persist,occ,1217,40,0.4622,0.5378,0.4240
0,obstacle,null,10,persist,ped,1217,40,0.4284,0.5716,0.3443
0,obstacle,null,10,pred,a,1217,40,0.4396,0.5604,0.4248
0,obstacle,null,10,pred,b,1217,40,0.5246,0.5246,0.5620
0,obstacle,null,10,pred,c,1217,40,0.5677,0.5677,0.6434
0,obstacle,null,10,pred,d_front,1217,40,0.5139,0.5139,0.5448
0,obstacle,null,10,pred,occ,1217,40,0.4645,0.5355,0.4100
0,obstacle,null,10,pred,ped,1217,40,0.4343,0.5657,0.3780
0,obstacle,pair,5,oracle,a,2303,39,0.7790,0.7790,0.8728
0,obstacle,pair,5,oracle,b,2303,39,0.5160,0.5160,0.5454
0,obstacle,pair,5,oracle,c,2303,39,0.4483,0.5517,0.4008
0,obstacle,pair,5,oracle,d_front,2303,39,0.3122,0.6878,0.2314
0,obstacle,pair,5,oracle,occ,2303,39,0.6348,0.6348,0.7364
0,obstacle,pair,5,oracle,ped,2303,39,0.4076,0.5924,0.3838
0,obstacle,pair,5,persist,a,2303,39,0.7235,0.7235,0.8259
0,obstacle,pair,5,persist,b,2303,39,0.5111,0.5111,0.5445
0,obstacle,pair,5,persist,c,2303,39,0.4549,0.5451,0.4212
0,obstacle,pair,5,persist,d_front,2303,39,0.3307,0.6693,0.2245
0,obstacle,pair,5,persist,occ,2303,39,0.6341,0.6341,0.7555
0,obstacle,pair,5,persist,ped,2303,39,0.4305,0.5695,0.3964
0,obstacle,pair,5,pred,a,2303,39,0.7239,0.7239,0.8428
0,obstacle,pair,5,pred,b,2303,39,0.5327,0.5327,0.6114
0,obstacle,pair,5,pred,c,2303,39,0.4836,0.5164,0.4568
0,obstacle,pair,5,pred,d_front,2303,39,0.3108,0.6892,0.1741
0,obstacle,pair,5,pred,occ,2303,39,0.6499,0.6499,0.7950
0,obstacle,pair,5,pred,ped,2303,39,0.4546,0.5454,0.4073
0,obstacle,pair,10,oracle,a,2303,39,0.7933,0.7933,0.8532
0,obstacle,pair,10,oracle,b,2303,39,0.5258,0.5258,0.5558
0,obstacle,pair,10,oracle,c,2303,39,0.4474,0.5526,0.4103
0,obstacle,pair,10,oracle,d_front,2303,39,0.3391,0.6609,0.2901
0,obstacle,pair,10,oracle,occ,2303,39,0.6069,0.6069,0.6726
0,obstacle,pair,10,oracle,ped,2303,39,0.3851,0.6149,0.3552
0,obstacle,pair,10,persist,a,2303,39,0.7235,0.7235,0.8259
0,obstacle,pair,10,persist,b,2303,39,0.5111,0.5111,0.5445
0,obstacle,pair,10,persist,c,2303,39,0.4549,0.5451,0.4212
0,obstacle,pair,10,persist,d_front,2303,39,0.3307,0.6693,0.2245
0,obstacle,pair,10,persist,occ,2303,39,0.6341,0.6341,0.7555
0,obstacle,pair,10,persist,ped,2303,39,0.4305,0.5695,0.3964
0,obstacle,pair,10,pred,a,2303,39,0.7264,0.7264,0.8493
0,obstacle,pair,10,pred,b,2303,39,0.5304,0.5304,0.5953
0,obstacle,pair,10,pred,c,2303,39,0.4772,0.5228,0.4433
0,obstacle,pair,10,pred,d_front,2303,39,0.3366,0.6634,0.1837
0,obstacle,pair,10,pred,occ,2303,39,0.6225,0.6225,0.7707
0,obstacle,pair,10,pred,ped,2303,39,0.4532,0.5468,0.3930
0,other,null,5,oracle,a,484,21,0.4959,0.5041,0.4236
0,other,null,5,oracle,b,484,21,0.5366,0.5366,0.5868
0,other,null,5,oracle,c,484,21,0.5276,0.5276,0.5021
0,other,null,5,oracle,d_front,484,21,0.5151,0.5151,0.5661
0,other,null,5,oracle,occ,484,21,0.4746,0.5254,0.4938
0,other,null,5,oracle,ped,484,21,0.4822,0.5178,0.4112
0,other,null,5,persist,a,484,21,0.4958,0.5042,0.4607
0,other,null,5,persist,b,484,21,0.5479,0.5479,0.6074
0,other,null,5,persist,c,484,21,0.5395,0.5395,0.5331
0,other,null,5,persist,d_front,484,21,0.5218,0.5218,0.5599
0,other,null,5,persist,occ,484,21,0.4675,0.5325,0.4463
0,other,null,5,persist,ped,484,21,0.4581,0.5419,0.3802
0,other,null,5,pred,a,484,21,0.5013,0.5013,0.4442
0,other,null,5,pred,b,484,21,0.5719,0.5719,0.6384
0,other,null,5,pred,c,484,21,0.5388,0.5388,0.5310
0,other,null,5,pred,d_front,484,21,0.5372,0.5372,0.5434
0,other,null,5,pred,occ,484,21,0.4556,0.5444,0.4401
0,other,null,5,pred,ped,484,21,0.4705,0.5295,0.3967
0,other,null,10,oracle,a,484,21,0.4804,0.5196,0.3946
0,other,null,10,oracle,b,484,21,0.5403,0.5403,0.5826
0,other,null,10,oracle,c,484,21,0.5243,0.5243,0.5000
0,other,null,10,oracle,d_front,484,21,0.5033,0.5033,0.5248
0,other,null,10,oracle,occ,484,21,0.4811,0.5189,0.5186
0,other,null,10,oracle,ped,484,21,0.5056,0.5056,0.4463
0,other,null,10,persist,a,484,21,0.4958,0.5042,0.4607
0,other,null,10,persist,b,484,21,0.5479,0.5479,0.6074
0,other,null,10,persist,c,484,21,0.5395,0.5395,0.5331
0,other,null,10,persist,d_front,484,21,0.5218,0.5218,0.5599
0,other,null,10,persist,occ,484,21,0.4675,0.5325,0.4463
0,other,null,10,persist,ped,484,21,0.4581,0.5419,0.3802
0,other,null,10,pred,a,484,21,0.5037,0.5037,0.4607
0,other,null,10,pred,b,484,21,0.5821,0.5821,0.6219
0,other,null,10,pred,c,484,21,0.5187,0.5187,0.5289
0,other,null,10,pred,d_front,484,21,0.5449,0.5449,0.5434
0,other,null,10,pred,occ,484,21,0.4540,0.5460,0.4380
0,other,null,10,pred,ped,484,21,0.4781,0.5219,0.3988
0,other,pair,5,oracle,a,277,2,0.4972,0.5028,0.4729
0,other,pair,5,oracle,b,277,2,0.4874,0.5126,0.4404
0,other,pair,5,oracle,c,277,2,0.4988,0.5012,0.5379
0,other,pair,5,oracle,d_front,277,2,0.4920,0.5080,0.4332
0,other,pair,5,oracle,occ,277,2,0.5091,0.5091,0.5487
0,other,pair,5,oracle,ped,277,2,0.4953,0.5047,0.4585
0,other,pair,5,persist,a,277,2,0.4991,0.5009,0.4874
0,other,pair,5,persist,b,277,2,0.4878,0.5122,0.4296
0,other,pair,5,persist,c,277,2,0.4987,0.5013,0.5235
0,other,pair,5,persist,d_front,277,2,0.4918,0.5082,0.4260
0,other,pair,5,persist,occ,277,2,0.5102,0.5102,0.5740
0,other,pair,5,persist,ped,277,2,0.4870,0.5130,0.4224
0,other,pair,5,pred,a,277,2,0.5020,0.5020,0.5162
0,other,pair,5,pred,b,277,2,0.4884,0.5116,0.4477
0,other,pair,5,pred,c,277,2,0.5020,0.5020,0.5415
0,other,pair,5,pred,d_front,277,2,0.4847,0.5153,0.3863
0,other,pair,5,pred,occ,277,2,0.5107,0.5107,0.6029
0,other,pair,5,pred,ped,277,2,0.4902,0.5098,0.4440
0,other,pair,10,oracle,a,277,2,0.4979,0.5021,0.4838
0,other,pair,10,oracle,b,277,2,0.4795,0.5205,0.4152
0,other,pair,10,oracle,c,277,2,0.4988,0.5012,0.5451
0,other,pair,10,oracle,d_front,277,2,0.4884,0.5116,0.4188
0,other,pair,10,oracle,occ,277,2,0.5119,0.5119,0.5632
0,other,pair,10,oracle,ped,277,2,0.5017,0.5017,0.4693
0,other,pair,10,persist,a,277,2,0.4991,0.5009,0.4874
0,other,pair,10,persist,b,277,2,0.4878,0.5122,0.4296
0,other,pair,10,persist,c,277,2,0.4987,0.5013,0.5235
0,other,pair,10,persist,d_front,277,2,0.4918,0.5082,0.4260
0,other,pair,10,persist,occ,277,2,0.5102,0.5102,0.5740
0,other,pair,10,persist,ped,277,2,0.4870,0.5130,0.4224
0,other,pair,10,pred,a,277,2,0.5034,0.5034,0.5199
0,other,pair,10,pred,b,277,2,0.4886,0.5114,0.4477
0,other,pair,10,pred,c,277,2,0.5010,0.5010,0.5199
0,other,pair,10,pred,d_front,277,2,0.4799,0.5201,0.4007
0,other,pair,10,pred,occ,277,2,0.5100,0.5100,0.6101
0,other,pair,10,pred,ped,277,2,0.4935,0.5065,0.4368
0,ped,null,5,oracle,a,2489,33,0.5658,0.5658,0.6489
0,ped,null,5,oracle,b,2489,33,0.4405,0.5595,0.4705
0,ped,null,5,oracle,c,2489,33,0.4657,0.5343,0.4158
0,ped,null,5,oracle,d_front,2489,33,0.4410,0.5590,0.4295
0,ped,null,5,oracle,occ,2489,33,0.5691,0.5691,0.5633
0,ped,null,5,oracle,ped,2489,33,0.4206,0.5794,0.2624
0,ped,null,5,persist,a,2489,33,0.5646,0.5646,0.6468
0,ped,null,5,persist,b,2489,33,0.4384,0.5616,0.4661
0,ped,null,5,persist,c,2489,33,0.4628,0.5372,0.4162
0,ped,null,5,persist,d_front,2489,33,0.4409,0.5591,0.4275
0,ped,null,5,persist,occ,2489,33,0.5698,0.5698,0.5629
0,ped,null,5,persist,ped,2489,33,0.4255,0.5745,0.2652
0,ped,null,5,pred,a,2489,33,0.5632,0.5632,0.6292
0,ped,null,5,pred,b,2489,33,0.4416,0.5584,0.4564
0,ped,null,5,pred,c,2489,33,0.4636,0.5364,0.4275
0,ped,null,5,pred,d_front,2489,33,0.4419,0.5581,0.4303
0,ped,null,5,pred,occ,2489,33,0.5663,0.5663,0.5745
0,ped,null,5,pred,ped,2489,33,0.4453,0.5547,0.3194
0,ped,null,10,oracle,a,2489,33,0.5665,0.5665,0.6537
0,ped,null,10,oracle,b,2489,33,0.4341,0.5659,0.4673
0,ped,null,10,oracle,c,2489,33,0.4709,0.5291,0.4267
0,ped,null,10,oracle,d_front,2489,33,0.4402,0.5598,0.4311
0,ped,null,10,oracle,occ,2489,33,0.5713,0.5713,0.5629
0,ped,null,10,oracle,ped,2489,33,0.4172,0.5828,0.2591
0,ped,null,10,persist,a,2489,33,0.5646,0.5646,0.6468
0,ped,null,10,persist,b,2489,33,0.4384,0.5616,0.4661
0,ped,null,10,persist,c,2489,33,0.4628,0.5372,0.4162
0,ped,null,10,persist,d_front,2489,33,0.4409,0.5591,0.4275
0,ped,null,10,persist,occ,2489,33,0.5698,0.5698,0.5629
0,ped,null,10,persist,ped,2489,33,0.4255,0.5745,0.2652
0,ped,null,10,pred,a,2489,33,0.5694,0.5694,0.6348
0,ped,null,10,pred,b,2489,33,0.4417,0.5583,0.4596
0,ped,null,10,pred,c,2489,33,0.4508,0.5492,0.3994
0,ped,null,10,pred,d_front,2489,33,0.4492,0.5508,0.4512
0,ped,null,10,pred,occ,2489,33,0.5619,0.5619,0.5544
0,ped,null,10,pred,ped,2489,33,0.4432,0.5568,0.3294
0,ped,pair,5,oracle,a,7270,27,0.5019,0.5019,0.4948
0,ped,pair,5,oracle,b,7270,27,0.5063,0.5063,0.5070
0,ped,pair,5,oracle,c,7270,27,0.5036,0.5036,0.5010
0,ped,pair,5,oracle,d_front,7270,27,0.4611,0.5389,0.4263
0,ped,pair,5,oracle,occ,7270,27,0.5115,0.5115,0.5644
0,ped,pair,5,oracle,ped,7270,27,0.5362,0.5362,0.6737
0,ped,pair,5,persist,a,7270,27,0.5018,0.5018,0.4960
0,ped,pair,5,persist,b,7270,27,0.5058,0.5058,0.5063
0,ped,pair,5,persist,c,7270,27,0.5032,0.5032,0.5025
0,ped,pair,5,persist,d_front,7270,27,0.4592,0.5408,0.4272
0,ped,pair,5,persist,occ,7270,27,0.5123,0.5123,0.5653
0,ped,pair,5,persist,ped,7270,27,0.5378,0.5378,0.6769
0,ped,pair,5,pred,a,7270,27,0.5015,0.5015,0.4975
0,ped,pair,5,pred,b,7270,27,0.5076,0.5076,0.5081
0,ped,pair,5,pred,c,7270,27,0.5014,0.5014,0.4975
0,ped,pair,5,pred,d_front,7270,27,0.4590,0.5410,0.4381
0,ped,pair,5,pred,occ,7270,27,0.5116,0.5116,0.5652
0,ped,pair,5,pred,ped,7270,27,0.5362,0.5362,0.6596
0,ped,pair,10,oracle,a,7270,27,0.5018,0.5018,0.4934
0,ped,pair,10,oracle,b,7270,27,0.5057,0.5057,0.5034
0,ped,pair,10,oracle,c,7270,27,0.5045,0.5045,0.5029
0,ped,pair,10,oracle,d_front,7270,27,0.4621,0.5379,0.4281
0,ped,pair,10,oracle,occ,7270,27,0.5112,0.5112,0.5651
0,ped,pair,10,oracle,ped,7270,27,0.5361,0.5361,0.6725
0,ped,pair,10,persist,a,7270,27,0.5018,0.5018,0.4960
0,ped,pair,10,persist,b,7270,27,0.5058,0.5058,0.5063
0,ped,pair,10,persist,c,7270,27,0.5032,0.5032,0.5025
0,ped,pair,10,persist,d_front,7270,27,0.4592,0.5408,0.4272
0,ped,pair,10,persist,occ,7270,27,0.5123,0.5123,0.5653
0,ped,pair,10,persist,ped,7270,27,0.5378,0.5378,0.6769
0,ped,pair,10,pred,a,7270,27,0.5027,0.5027,0.4979
0,ped,pair,10,pred,b,7270,27,0.5076,0.5076,0.5080
0,ped,pair,10,pred,c,7270,27,0.5004,0.5004,0.4982
0,ped,pair,10,pred,d_front,7270,27,0.4581,0.5419,0.4331
0,ped,pair,10,pred,occ,7270,27,0.5121,0.5121,0.5645
0,ped,pair,10,pred,ped,7270,27,0.5342,0.5342,0.6568
1,cutin,null,5,oracle,a,636,26,0.5218,0.5218,0.5409
1,cutin,null,5,oracle,b,636,26,0.5477,0.5477,0.6321
1,cutin,null,5,oracle,c,636,26,0.5096,0.5096,0.5031
1,cutin,null,5,oracle,d_front,636,26,0.5384,0.5384,0.5943
1,cutin,null,5,oracle,occ,636,26,0.4426,0.5574,0.3569
1,cutin,null,5,oracle,ped,636,26,0.4039,0.5961,0.3176
1,cutin,null,5,persist,a,636,26,0.5246,0.5246,0.5283
1,cutin,null,5,persist,b,636,26,0.5422,0.5422,0.6211
1,cutin,null,5,persist,c,636,26,0.5116,0.5116,0.4827
1,cutin,null,5,persist,d_front,636,26,0.5397,0.5397,0.5802
1,cutin,null,5,persist,occ,636,26,0.4396,0.5604,0.3412
1,cutin,null,5,persist,ped,636,26,0.3959,0.6041,0.3082
1,cutin,null,5,pred,a,636,26,0.5061,0.5061,0.4969
1,cutin,null,5,pred,b,636,26,0.5499,0.5499,0.6352
1,cutin,null,5,pred,c,636,26,0.5120,0.5120,0.5000
1,cutin,null,5,pred,d_front,636,26,0.5602,0.5602,0.6509
1,cutin,null,5,pred,occ,636,26,0.4254,0.5746,0.3365
1,cutin,null,5,pred,ped,636,26,0.4011,0.5989,0.3019
1,cutin,null,10,oracle,a,636,26,0.5217,0.5217,0.5220
1,cutin,null,10,oracle,b,636,26,0.5470,0.5470,0.6226
1,cutin,null,10,oracle,c,636,26,0.5071,0.5071,0.5016
1,cutin,null,10,oracle,d_front,636,26,0.5319,0.5319,0.6053
1,cutin,null,10,oracle,occ,636,26,0.4494,0.5506,0.3664
1,cutin,null,10,oracle,ped,636,26,0.3919,0.6081,0.3113
1,cutin,null,10,persist,a,636,26,0.5246,0.5246,0.5283
1,cutin,null,10,persist,b,636,26,0.5422,0.5422,0.6211
1,cutin,null,10,persist,c,636,26,0.5116,0.5116,0.4827
1,cutin,null,10,persist,d_front,636,26,0.5397,0.5397,0.5802
1,cutin,null,10,persist,occ,636,26,0.4396,0.5604,0.3412
1,cutin,null,10,persist,ped,636,26,0.3959,0.6041,0.3082
1,cutin,null,10,pred,a,636,26,0.5035,0.5035,0.4906
1,cutin,null,10,pred,b,636,26,0.5609,0.5609,0.6368
1,cutin,null,10,pred,c,636,26,0.5124,0.5124,0.5157
1,cutin,null,10,pred,d_front,636,26,0.5689,0.5689,0.6887
1,cutin,null,10,pred,occ,636,26,0.4116,0.5884,0.2940
1,cutin,null,10,pred,ped,636,26,0.3946,0.6054,0.3255
1,cutin,pair,5,oracle,a,1907,26,0.5772,0.5772,0.7174
1,cutin,pair,5,oracle,b,1907,26,0.5790,0.5790,0.7483
1,cutin,pair,5,oracle,c,1907,26,0.5514,0.5514,0.7840
1,cutin,pair,5,oracle,d_front,1907,26,0.2707,0.7293,0.2622
1,cutin,pair,5,oracle,occ,1907,26,0.7120,0.7120,0.7347
1,cutin,pair,5,oracle,ped,1907,26,0.5119,0.5119,0.5889
1,cutin,pair,5,persist,a,1907,26,0.5474,0.5474,0.6523
1,cutin,pair,5,persist,b,1907,26,0.5675,0.5675,0.7221
1,cutin,pair,5,persist,c,1907,26,0.5510,0.5510,0.7572
1,cutin,pair,5,persist,d_front,1907,26,0.3351,0.6649,0.3173
1,cutin,pair,5,persist,occ,1907,26,0.6614,0.6614,0.7174
1,cutin,pair,5,persist,ped,1907,26,0.5171,0.5171,0.5915
1,cutin,pair,5,pred,a,1907,26,0.5600,0.5600,0.6880
1,cutin,pair,5,pred,b,1907,26,0.5688,0.5688,0.7231
1,cutin,pair,5,pred,c,1907,26,0.5531,0.5531,0.7556
1,cutin,pair,5,pred,d_front,1907,26,0.2950,0.7050,0.2601
1,cutin,pair,5,pred,occ,1907,26,0.6898,0.6898,0.7546
1,cutin,pair,5,pred,ped,1907,26,0.5134,0.5134,0.5732
1,cutin,pair,10,oracle,a,1907,26,0.6144,0.6144,0.7913
1,cutin,pair,10,oracle,b,1907,26,0.5926,0.5926,0.7840
1,cutin,pair,10,oracle,c,1907,26,0.5559,0.5559,0.7992
1,cutin,pair,10,oracle,d_front,1907,26,0.2073,0.7927,0.1867
1,cutin,pair,10,oracle,occ,1907,26,0.7694,0.7694,0.7971
1,cutin,pair,10,oracle,ped,1907,26,0.4778,0.5222,0.5018
1,cutin,pair,10,persist,a,1907,26,0.5474,0.5474,0.6523
1,cutin,pair,10,persist,b,1907,26,0.5675,0.5675,0.7221
1,cutin,pair,10,persist,c,1907,26,0.5510,0.5510,0.7572
1,cutin,pair,10,persist,d_front,1907,26,0.3351,0.6649,0.3173
1,cutin,pair,10,persist,occ,1907,26,0.6614,0.6614,0.7174
1,cutin,pair,10,persist,ped,1907,26,0.5171,0.5171,0.5915
1,cutin,pair,10,pred,a,1907,26,0.5644,0.5644,0.6980
1,cutin,pair,10,pred,b,1907,26,0.5669,0.5669,0.7305
1,cutin,pair,10,pred,c,1907,26,0.5533,0.5533,0.7562
1,cutin,pair,10,pred,d_front,1907,26,0.2819,0.7181,0.1951
1,cutin,pair,10,pred,occ,1907,26,0.6973,0.6973,0.7997
1,cutin,pair,10,pred,ped,1907,26,0.5084,0.5084,0.5370
1,obstacle,null,5,oracle,a,1217,40,0.4507,0.5493,0.4388
1,obstacle,null,5,oracle,b,1217,40,0.5292,0.5292,0.5859
1,obstacle,null,5,oracle,c,1217,40,0.5477,0.5477,0.5809
1,obstacle,null,5,oracle,d_front,1217,40,0.4819,0.5181,0.4470
1,obstacle,null,5,oracle,occ,1217,40,0.4760,0.5240,0.4519
1,obstacle,null,5,oracle,ped,1217,40,0.4312,0.5688,0.3969
1,obstacle,null,5,persist,a,1217,40,0.4497,0.5503,0.4035
1,obstacle,null,5,persist,b,1217,40,0.5302,0.5302,0.5850
1,obstacle,null,5,persist,c,1217,40,0.5446,0.5446,0.5727
1,obstacle,null,5,persist,d_front,1217,40,0.4863,0.5137,0.4626
1,obstacle,null,5,persist,occ,1217,40,0.4704,0.5296,0.4330
1,obstacle,null,5,persist,ped,1217,40,0.4320,0.5680,0.4010
1,obstacle,null,5,pred,a,1217,40,0.4527,0.5473,0.4191
1,obstacle,null,5,pred,b,1217,40,0.5287,0.5287,0.6023
1,obstacle,null,5,pred,c,1217,40,0.5453,0.5453,0.5744
1,obstacle,null,5,pred,d_front,1217,40,0.4766,0.5234,0.4388
1,obstacle,null,5,pred,occ,1217,40,0.4767,0.5233,0.4519
1,obstacle,null,5,pred,ped,1217,40,0.4302,0.5698,0.4059
1,obstacle,null,10,oracle,a,1217,40,0.4552,0.5448,0.4519
1,obstacle,null,10,oracle,b,1217,40,0.5236,0.5236,0.5694
1,obstacle,null,10,oracle,c,1217,40,0.5419,0.5419,0.5735
1,obstacle,null,10,oracle,d_front,1217,40,0.4797,0.5203,0.4470
1,obstacle,null,10,oracle,occ,1217,40,0.4845,0.5155,0.4708
1,obstacle,null,10,oracle,ped,1217,40,0.4272,0.5728,0.3862
1,obstacle,null,10,persist,a,1217,40,0.4497,0.5503,0.4035
1,obstacle,null,10,persist,b,1217,40,0.5302,0.5302,0.5850
1,obstacle,null,10,persist,c,1217,40,0.5446,0.5446,0.5727
1,obstacle,null,10,persist,d_front,1217,40,0.4863,0.5137,0.4626
1,obstacle,null,10,persist,occ,1217,40,0.4704,0.5296,0.4330
1,obstacle,null,10,persist,ped,1217,40,0.4320,0.5680,0.4010
1,obstacle,null,10,pred,a,1217,40,0.4477,0.5523,0.4191
1,obstacle,null,10,pred,b,1217,40,0.5276,0.5276,0.5908
1,obstacle,null,10,pred,c,1217,40,0.5535,0.5535,0.5850
1,obstacle,null,10,pred,d_front,1217,40,0.4816,0.5184,0.4610
1,obstacle,null,10,pred,occ,1217,40,0.4750,0.5250,0.4273
1,obstacle,null,10,pred,ped,1217,40,0.4253,0.5747,0.3936
1,obstacle,pair,5,oracle,a,2303,39,0.7581,0.7581,0.8789
1,obstacle,pair,5,oracle,b,2303,39,0.5141,0.5141,0.5467
1,obstacle,pair,5,oracle,c,2303,39,0.4560,0.5440,0.4277
1,obstacle,pair,5,oracle,d_front,2303,39,0.3225,0.6775,0.2223
1,obstacle,pair,5,oracle,occ,2303,39,0.6500,0.6500,0.7438
1,obstacle,pair,5,oracle,ped,2303,39,0.3914,0.6086,0.3317
1,obstacle,pair,5,persist,a,2303,39,0.7029,0.7029,0.8176
1,obstacle,pair,5,persist,b,2303,39,0.5125,0.5125,0.5532
1,obstacle,pair,5,persist,c,2303,39,0.4654,0.5346,0.4468
1,obstacle,pair,5,persist,d_front,2303,39,0.3432,0.6568,0.2332
1,obstacle,pair,5,persist,occ,2303,39,0.6375,0.6375,0.7438
1,obstacle,pair,5,persist,ped,2303,39,0.4165,0.5835,0.3604
1,obstacle,pair,5,pred,a,2303,39,0.6980,0.6980,0.8463
1,obstacle,pair,5,pred,b,2303,39,0.5309,0.5309,0.5732
1,obstacle,pair,5,pred,c,2303,39,0.4745,0.5255,0.4620
1,obstacle,pair,5,pred,d_front,2303,39,0.3063,0.6937,0.1581
1,obstacle,pair,5,pred,occ,2303,39,0.6598,0.6598,0.7985
1,obstacle,pair,5,pred,ped,2303,39,0.4362,0.5638,0.3621
1,obstacle,pair,10,oracle,a,2303,39,0.7788,0.7788,0.8654
1,obstacle,pair,10,oracle,b,2303,39,0.5185,0.5185,0.5445
1,obstacle,pair,10,oracle,c,2303,39,0.4571,0.5429,0.4429
1,obstacle,pair,10,oracle,d_front,2303,39,0.3409,0.6591,0.2723
1,obstacle,pair,10,oracle,occ,2303,39,0.6279,0.6279,0.6895
1,obstacle,pair,10,oracle,ped,2303,39,0.3823,0.6177,0.3348
1,obstacle,pair,10,persist,a,2303,39,0.7029,0.7029,0.8176
1,obstacle,pair,10,persist,b,2303,39,0.5125,0.5125,0.5532
1,obstacle,pair,10,persist,c,2303,39,0.4654,0.5346,0.4468
1,obstacle,pair,10,persist,d_front,2303,39,0.3432,0.6568,0.2332
1,obstacle,pair,10,persist,occ,2303,39,0.6375,0.6375,0.7438
1,obstacle,pair,10,persist,ped,2303,39,0.4165,0.5835,0.3604
1,obstacle,pair,10,pred,a,2303,39,0.6967,0.6967,0.8267
1,obstacle,pair,10,pred,b,2303,39,0.5228,0.5228,0.5458
1,obstacle,pair,10,pred,c,2303,39,0.4666,0.5334,0.4481
1,obstacle,pair,10,pred,d_front,2303,39,0.3466,0.6534,0.1615
1,obstacle,pair,10,pred,occ,2303,39,0.6297,0.6297,0.7903
1,obstacle,pair,10,pred,ped,2303,39,0.4340,0.5660,0.3582
1,other,null,5,oracle,a,484,21,0.5023,0.5023,0.4773
1,other,null,5,oracle,b,484,21,0.5624,0.5624,0.5723
1,other,null,5,oracle,c,484,21,0.5150,0.5150,0.5950
1,other,null,5,oracle,d_front,484,21,0.5418,0.5418,0.6550
1,other,null,5,oracle,occ,484,21,0.5076,0.5076,0.5702
1,other,null,5,oracle,ped,484,21,0.4449,0.5551,0.4277
1,other,null,5,persist,a,484,21,0.5151,0.5151,0.5124
1,other,null,5,persist,b,484,21,0.5784,0.5784,0.6012
1,other,null,5,persist,c,484,21,0.5300,0.5300,0.6136
1,other,null,5,persist,d_front,484,21,0.5389,0.5389,0.6198
1,other,null,5,persist,occ,484,21,0.5046,0.5046,0.5702
1,other,null,5,persist,ped,484,21,0.4394,0.5606,0.4132
1,other,null,5,pred,a,484,21,0.5045,0.5045,0.4773
1,other,null,5,pred,b,484,21,0.6008,0.6008,0.6756
1,other,null,5,pred,c,484,21,0.5299,0.5299,0.6219
1,other,null,5,pred,d_front,484,21,0.5248,0.5248,0.5620
1,other,null,5,pred,occ,484,21,0.5109,0.5109,0.5413
1,other,null,5,pred,ped,484,21,0.4279,0.5721,0.3678
1,other,null,10,oracle,a,484,21,0.4849,0.5151,0.4339
1,other,null,10,oracle,b,484,21,0.5666,0.5666,0.5744
1,other,null,10,oracle,c,484,21,0.5097,0.5097,0.5909
1,other,null,10,oracle,d_front,484,21,0.5345,0.5345,0.6260
1,other,null,10,oracle,occ,484,21,0.5107,0.5107,0.5475
1,other,null,10,oracle,ped,484,21,0.4706,0.5294,0.4814
1,other,null,10,persist,a,484,21,0.5151,0.5151,0.5124
1,other,null,10,persist,b,484,21,0.5784,0.5784,0.6012
1,other,null,10,persist,c,484,21,0.5300,0.5300,0.6136
1,other,null,10,persist,d_front,484,21,0.5389,0.5389,0.6198
1,other,null,10,persist,occ,484,21,0.5046,0.5046,0.5702
1,other,null,10,persist,ped,484,21,0.4394,0.5606,0.4132
1,other,null,10,pred,a,484,21,0.5004,0.5004,0.4773
1,other,null,10,pred,b,484,21,0.6119,0.6119,0.6756
1,other,null,10,pred,c,484,21,0.5191,0.5191,0.5888
1,other,null,10,pred,d_front,484,21,0.5197,0.5197,0.5620
1,other,null,10,pred,occ,484,21,0.5165,0.5165,0.5413
1,other,null,10,pred,ped,484,21,0.4303,0.5697,0.3802
1,other,pair,5,oracle,a,277,2,0.4987,0.5013,0.4729
1,other,pair,5,oracle,b,277,2,0.4925,0.5075,0.4657
1,other,pair,5,oracle,c,277,2,0.5037,0.5037,0.5632
1,other,pair,5,oracle,d_front,277,2,0.4949,0.5051,0.4801
1,other,pair,5,oracle,occ,277,2,0.5085,0.5085,0.5271
1,other,pair,5,oracle,ped,277,2,0.4969,0.5031,0.4874
1,other,pair,5,persist,a,277,2,0.5004,0.5004,0.4838
1,other,pair,5,persist,b,277,2,0.4933,0.5067,0.4693
1,other,pair,5,persist,c,277,2,0.5019,0.5019,0.5487
1,other,pair,5,persist,d_front,277,2,0.4921,0.5079,0.4513
1,other,pair,5,persist,occ,277,2,0.5138,0.5138,0.5560
1,other,pair,5,persist,ped,277,2,0.4936,0.5064,0.4585
1,other,pair,5,pred,a,277,2,0.5001,0.5001,0.4838
1,other,pair,5,pred,b,277,2,0.4948,0.5052,0.5199
1,other,pair,5,pred,c,277,2,0.5067,0.5067,0.5451
1,other,pair,5,pred,d_front,277,2,0.4913,0.5087,0.4332
1,other,pair,5,pred,occ,277,2,0.5151,0.5151,0.5668
1,other,pair,5,pred,ped,277,2,0.4932,0.5068,0.4513
1,other,pair,10,oracle,a,277,2,0.5007,0.5007,0.4838
1,other,pair,10,oracle,b,277,2,0.4889,0.5111,0.4368
1,other,pair,10,oracle,c,277,2,0.5036,0.5036,0.5632
1,other,pair,10,oracle,d_front,277,2,0.4898,0.5102,0.4621
1,other,pair,10,oracle,occ,277,2,0.5148,0.5148,0.5379
1,other,pair,10,oracle,ped,277,2,0.4983,0.5017,0.4874
1,other,pair,10,persist,a,277,2,0.5004,0.5004,0.4838
1,other,pair,10,persist,b,277,2,0.4933,0.5067,0.4693
1,other,pair,10,persist,c,277,2,0.5019,0.5019,0.5487
1,other,pair,10,persist,d_front,277,2,0.4921,0.5079,0.4513
1,other,pair,10,persist,occ,277,2,0.5138,0.5138,0.5560
1,other,pair,10,persist,ped,277,2,0.4936,0.5064,0.4585
1,other,pair,10,pred,a,277,2,0.5001,0.5001,0.4729
1,other,pair,10,pred,b,277,2,0.4963,0.5037,0.5271
1,other,pair,10,pred,c,277,2,0.5067,0.5067,0.5596
1,other,pair,10,pred,d_front,277,2,0.4864,0.5136,0.4260
1,other,pair,10,pred,occ,277,2,0.5186,0.5186,0.5596
1,other,pair,10,pred,ped,277,2,0.4958,0.5042,0.4621
1,ped,null,5,oracle,a,2489,33,0.5523,0.5523,0.5978
1,ped,null,5,oracle,b,2489,33,0.4892,0.5108,0.5223
1,ped,null,5,oracle,c,2489,33,0.4459,0.5541,0.3949
1,ped,null,5,oracle,d_front,2489,33,0.4430,0.5570,0.4110
1,ped,null,5,oracle,occ,2489,33,0.5440,0.5440,0.6239
1,ped,null,5,oracle,ped,2489,33,0.4258,0.5742,0.3383
1,ped,null,5,persist,a,2489,33,0.5565,0.5565,0.5998
1,ped,null,5,persist,b,2489,33,0.4892,0.5108,0.5279
1,ped,null,5,persist,c,2489,33,0.4440,0.5560,0.3953
1,ped,null,5,persist,d_front,2489,33,0.4426,0.5574,0.4174
1,ped,null,5,persist,occ,2489,33,0.5433,0.5433,0.6219
1,ped,null,5,persist,ped,2489,33,0.4332,0.5668,0.3431
1,ped,null,5,pred,a,2489,33,0.5619,0.5619,0.6022
1,ped,null,5,pred,b,2489,33,0.4960,0.5040,0.5468
1,ped,null,5,pred,c,2489,33,0.4560,0.5440,0.4560
1,ped,null,5,pred,d_front,2489,33,0.4445,0.5555,0.4150
1,ped,null,5,pred,occ,2489,33,0.5372,0.5372,0.6115
1,ped,null,5,pred,ped,2489,33,0.4275,0.5725,0.3519
1,ped,null,10,oracle,a,2489,33,0.5500,0.5500,0.6010
1,ped,null,10,oracle,b,2489,33,0.4854,0.5146,0.5191
1,ped,null,10,oracle,c,2489,33,0.4470,0.5530,0.3941
1,ped,null,10,oracle,d_front,2489,33,0.4412,0.5588,0.4030
1,ped,null,10,oracle,occ,2489,33,0.5466,0.5466,0.6256
1,ped,null,10,oracle,ped,2489,33,0.4198,0.5802,0.3311
1,ped,null,10,persist,a,2489,33,0.5565,0.5565,0.5998
1,ped,null,10,persist,b,2489,33,0.4892,0.5108,0.5279
1,ped,null,10,persist,c,2489,33,0.4440,0.5560,0.3953
1,ped,null,10,persist,d_front,2489,33,0.4426,0.5574,0.4174
1,ped,null,10,persist,occ,2489,33,0.5433,0.5433,0.6219
1,ped,null,10,persist,ped,2489,33,0.4332,0.5668,0.3431
1,ped,null,10,pred,a,2489,33,0.5618,0.5618,0.6039
1,ped,null,10,pred,b,2489,33,0.5133,0.5133,0.5665
1,ped,null,10,pred,c,2489,33,0.4569,0.5431,0.4616
1,ped,null,10,pred,d_front,2489,33,0.4526,0.5474,0.4508
1,ped,null,10,pred,occ,2489,33,0.5318,0.5318,0.5938
1,ped,null,10,pred,ped,2489,33,0.4287,0.5713,0.3564
1,ped,pair,5,oracle,a,7270,27,0.5014,0.5014,0.5052
1,ped,pair,5,oracle,b,7270,27,0.5103,0.5103,0.5316
1,ped,pair,5,oracle,c,7270,27,0.5036,0.5036,0.4909
1,ped,pair,5,oracle,d_front,7270,27,0.4629,0.5371,0.4285
1,ped,pair,5,oracle,occ,7270,27,0.5158,0.5158,0.5354
1,ped,pair,5,oracle,ped,7270,27,0.5437,0.5437,0.6744
1,ped,pair,5,persist,a,7270,27,0.5013,0.5013,0.5030
1,ped,pair,5,persist,b,7270,27,0.5089,0.5089,0.5249
1,ped,pair,5,persist,c,7270,27,0.5031,0.5031,0.4897
1,ped,pair,5,persist,d_front,7270,27,0.4609,0.5391,0.4285
1,ped,pair,5,persist,occ,7270,27,0.5174,0.5174,0.5388
1,ped,pair,5,persist,ped,7270,27,0.5460,0.5460,0.6732
1,ped,pair,5,pred,a,7270,27,0.5026,0.5026,0.5105
1,ped,pair,5,pred,b,7270,27,0.5080,0.5080,0.5329
1,ped,pair,5,pred,c,7270,27,0.5029,0.5029,0.4927
1,ped,pair,5,pred,d_front,7270,27,0.4618,0.5382,0.4304
1,ped,pair,5,pred,occ,7270,27,0.5164,0.5164,0.5424
1,ped,pair,5,pred,ped,7270,27,0.5452,0.5452,0.6635
1,ped,pair,10,oracle,a,7270,27,0.5012,0.5012,0.5043
1,ped,pair,10,oracle,b,7270,27,0.5097,0.5097,0.5278
1,ped,pair,10,oracle,c,7270,27,0.5048,0.5048,0.4963
1,ped,pair,10,oracle,d_front,7270,27,0.4644,0.5356,0.4311
1,ped,pair,10,oracle,occ,7270,27,0.5142,0.5142,0.5308
1,ped,pair,10,oracle,ped,7270,27,0.5433,0.5433,0.6759
1,ped,pair,10,persist,a,7270,27,0.5013,0.5013,0.5030
1,ped,pair,10,persist,b,7270,27,0.5089,0.5089,0.5249
1,ped,pair,10,persist,c,7270,27,0.5031,0.5031,0.4897
1,ped,pair,10,persist,d_front,7270,27,0.4609,0.5391,0.4285
1,ped,pair,10,persist,occ,7270,27,0.5174,0.5174,0.5388
1,ped,pair,10,persist,ped,7270,27,0.5460,0.5460,0.6732
1,ped,pair,10,pred,a,7270,27,0.5032,0.5032,0.5146
1,ped,pair,10,pred,b,7270,27,0.5097,0.5097,0.5389
1,ped,pair,10,pred,c,7270,27,0.5035,0.5035,0.5012
1,ped,pair,10,pred,d_front,7270,27,0.4628,0.5372,0.4367
1,ped,pair,10,pred,occ,7270,27,0.5166,0.5166,0.5413
1,ped,pair,10,pred,ped,7270,27,0.5454,0.5454,0.6598
2,cutin,null,5,oracle,a,636,26,0.5257,0.5257,0.5189
2,cutin,null,5,oracle,b,636,26,0.5235,0.5235,0.5487
2,cutin,null,5,oracle,c,636,26,0.5001,0.5001,0.5142
2,cutin,null,5,oracle,d_front,636,26,0.5137,0.5137,0.5566
2,cutin,null,5,oracle,occ,636,26,0.5089,0.5089,0.5000
2,cutin,null,5,oracle,ped,636,26,0.3875,0.6125,0.3428
2,cutin,null,5,persist,a,636,26,0.5300,0.5300,0.5157
2,cutin,null,5,persist,b,636,26,0.5197,0.5197,0.5550
2,cutin,null,5,persist,c,636,26,0.5043,0.5043,0.5142
2,cutin,null,5,persist,d_front,636,26,0.5125,0.5125,0.5409
2,cutin,null,5,persist,occ,636,26,0.5110,0.5110,0.5220
2,cutin,null,5,persist,ped,636,26,0.3627,0.6373,0.3050
2,cutin,null,5,pred,a,636,26,0.5193,0.5193,0.5063
2,cutin,null,5,pred,b,636,26,0.5314,0.5314,0.5676
2,cutin,null,5,pred,c,636,26,0.5044,0.5044,0.5157
2,cutin,null,5,pred,d_front,636,26,0.5443,0.5443,0.6447
2,cutin,null,5,pred,occ,636,26,0.4959,0.5041,0.4953
2,cutin,null,5,pred,ped,636,26,0.3632,0.6368,0.3019
2,cutin,null,10,oracle,a,636,26,0.5265,0.5265,0.5204
2,cutin,null,10,oracle,b,636,26,0.5315,0.5315,0.5629
2,cutin,null,10,oracle,c,636,26,0.4971,0.5029,0.5157
2,cutin,null,10,oracle,d_front,636,26,0.5207,0.5207,0.5849
2,cutin,null,10,oracle,occ,636,26,0.5033,0.5033,0.4874
2,cutin,null,10,oracle,ped,636,26,0.3799,0.6201,0.3428
2,cutin,null,10,persist,a,636,26,0.5300,0.5300,0.5157
2,cutin,null,10,persist,b,636,26,0.5197,0.5197,0.5550
2,cutin,null,10,persist,c,636,26,0.5043,0.5043,0.5142
2,cutin,null,10,persist,d_front,636,26,0.5125,0.5125,0.5409
2,cutin,null,10,persist,occ,636,26,0.5110,0.5110,0.5220
2,cutin,null,10,persist,ped,636,26,0.3627,0.6373,0.3050
2,cutin,null,10,pred,a,636,26,0.5150,0.5150,0.5346
2,cutin,null,10,pred,b,636,26,0.5311,0.5311,0.5613
2,cutin,null,10,pred,c,636,26,0.4988,0.5012,0.5047
2,cutin,null,10,pred,d_front,636,26,0.5589,0.5589,0.6541
2,cutin,null,10,pred,occ,636,26,0.4810,0.5190,0.4686
2,cutin,null,10,pred,ped,636,26,0.3695,0.6305,0.3113
2,cutin,pair,5,oracle,a,1907,26,0.5697,0.5697,0.7095
2,cutin,pair,5,oracle,b,1907,26,0.5724,0.5724,0.6964
2,cutin,pair,5,oracle,c,1907,26,0.5653,0.5653,0.7420
2,cutin,pair,5,oracle,d_front,1907,26,0.2608,0.7392,0.2538
2,cutin,pair,5,oracle,occ,1907,26,0.7143,0.7143,0.7472
2,cutin,pair,5,oracle,ped,1907,26,0.5256,0.5256,0.5737
2,cutin,pair,5,persist,a,1907,26,0.5452,0.5452,0.6550
2,cutin,pair,5,persist,b,1907,26,0.5573,0.5573,0.6612
2,cutin,pair,5,persist,c,1907,26,0.5607,0.5607,0.7132
2,cutin,pair,5,persist,d_front,1907,26,0.3265,0.6735,0.3141
2,cutin,pair,5,persist,occ,1907,26,0.6609,0.6609,0.7100
2,cutin,pair,5,persist,ped,1907,26,0.5282,0.5282,0.5758
2,cutin,pair,5,pred,a,1907,26,0.5594,0.5594,0.6922
2,cutin,pair,5,pred,b,1907,26,0.5555,0.5555,0.6738
2,cutin,pair,5,pred,c,1907,26,0.5644,0.5644,0.7236
2,cutin,pair,5,pred,d_front,1907,26,0.2942,0.7058,0.2606
2,cutin,pair,5,pred,occ,1907,26,0.6856,0.6856,0.7514
2,cutin,pair,5,pred,ped,1907,26,0.5101,0.5101,0.5281
2,cutin,pair,10,oracle,a,1907,26,0.5971,0.5971,0.7782
2,cutin,pair,10,oracle,b,1907,26,0.5934,0.5934,0.7451
2,cutin,pair,10,oracle,c,1907,26,0.5670,0.5670,0.7640
2,cutin,pair,10,oracle,d_front,1907,26,0.1955,0.8045,0.1746
2,cutin,pair,10,oracle,occ,1907,26,0.7688,0.7688,0.8123
2,cutin,pair,10,oracle,ped,1907,26,0.4856,0.5144,0.4819
2,cutin,pair,10,persist,a,1907,26,0.5452,0.5452,0.6550
2,cutin,pair,10,persist,b,1907,26,0.5573,0.5573,0.6612
2,cutin,pair,10,persist,c,1907,26,0.5607,0.5607,0.7132
2,cutin,pair,10,persist,d_front,1907,26,0.3265,0.6735,0.3141
2,cutin,pair,10,persist,occ,1907,26,0.6609,0.6609,0.7100
2,cutin,pair,10,persist,ped,1907,26,0.5282,0.5282,0.5758
2,cutin,pair,10,pred,a,1907,26,0.5635,0.5635,0.6964
2,cutin,pair,10,pred,b,1907,26,0.5586,0.5586,0.6906
2,cutin,pair,10,pred,c,1907,26,0.5628,0.5628,0.7420
2,cutin,pair,10,pred,d_front,1907,26,0.2850,0.7150,0.2024
2,cutin,pair,10,pred,occ,1907,26,0.6953,0.6953,0.7777
2,cutin,pair,10,pred,ped,1907,26,0.4973,0.5027,0.4908
2,obstacle,null,5,oracle,a,1217,40,0.4831,0.5169,0.4610
2,obstacle,null,5,oracle,b,1217,40,0.4990,0.5010,0.5086
2,obstacle,null,5,oracle,c,1217,40,0.5160,0.5160,0.5530
2,obstacle,null,5,oracle,d_front,1217,40,0.4844,0.5156,0.4330
2,obstacle,null,5,oracle,occ,1217,40,0.4533,0.5467,0.4182
2,obstacle,null,5,oracle,ped,1217,40,0.4338,0.5662,0.3377
2,obstacle,null,5,persist,a,1217,40,0.4790,0.5210,0.4519
2,obstacle,null,5,persist,b,1217,40,0.4961,0.5039,0.5029
2,obstacle,null,5,persist,c,1217,40,0.5094,0.5094,0.5415
2,obstacle,null,5,persist,d_front,1217,40,0.4886,0.5114,0.4495
2,obstacle,null,5,persist,occ,1217,40,0.4478,0.5522,0.4067
2,obstacle,null,5,persist,ped,1217,40,0.4359,0.5641,0.3484
2,obstacle,null,5,pred,a,1217,40,0.4789,0.5211,0.4536
2,obstacle,null,5,pred,b,1217,40,0.4995,0.5005,0.5144
2,obstacle,null,5,pred,c,1217,40,0.5167,0.5167,0.5349
2,obstacle,null,5,pred,d_front,1217,40,0.4987,0.5013,0.4643
2,obstacle,null,5,pred,occ,1217,40,0.4487,0.5513,0.3985
2,obstacle,null,5,pred,ped,1217,40,0.4309,0.5691,0.3344
2,obstacle,null,10,oracle,a,1217,40,0.4903,0.5097,0.4667
2,obstacle,null,10,oracle,b,1217,40,0.4943,0.5057,0.4930
2,obstacle,null,10,oracle,c,1217,40,0.5120,0.5120,0.5448
2,obstacle,null,10,oracle,d_front,1217,40,0.4827,0.5173,0.4330
2,obstacle,null,10,oracle,occ,1217,40,0.4602,0.5398,0.4191
2,obstacle,null,10,oracle,ped,1217,40,0.4297,0.5703,0.3295
2,obstacle,null,10,persist,a,1217,40,0.4790,0.5210,0.4519
2,obstacle,null,10,persist,b,1217,40,0.4961,0.5039,0.5029
2,obstacle,null,10,persist,c,1217,40,0.5094,0.5094,0.5415
2,obstacle,null,10,persist,d_front,1217,40,0.4886,0.5114,0.4495
2,obstacle,null,10,persist,occ,1217,40,0.4478,0.5522,0.4067
2,obstacle,null,10,persist,ped,1217,40,0.4359,0.5641,0.3484
2,obstacle,null,10,pred,a,1217,40,0.4810,0.5190,0.4412
2,obstacle,null,10,pred,b,1217,40,0.4958,0.5042,0.5210
2,obstacle,null,10,pred,c,1217,40,0.5230,0.5230,0.5349
2,obstacle,null,10,pred,d_front,1217,40,0.5031,0.5031,0.4782
2,obstacle,null,10,pred,occ,1217,40,0.4448,0.5552,0.3804
2,obstacle,null,10,pred,ped,1217,40,0.4333,0.5667,0.3500
2,obstacle,pair,5,oracle,a,2303,39,0.7721,0.7721,0.8762
2,obstacle,pair,5,oracle,b,2303,39,0.5202,0.5202,0.5640
2,obstacle,pair,5,oracle,c,2303,39,0.4468,0.5532,0.3899
2,obstacle,pair,5,oracle,d_front,2303,39,0.3192,0.6808,0.2236
2,obstacle,pair,5,oracle,occ,2303,39,0.6437,0.6437,0.7551
2,obstacle,pair,5,oracle,ped,2303,39,0.4282,0.5718,0.3882
2,obstacle,pair,5,persist,a,2303,39,0.7168,0.7168,0.8359
2,obstacle,pair,5,persist,b,2303,39,0.5083,0.5083,0.5502
2,obstacle,pair,5,persist,c,2303,39,0.4586,0.5414,0.4208
2,obstacle,pair,5,persist,d_front,2303,39,0.3366,0.6634,0.2284
2,obstacle,pair,5,persist,occ,2303,39,0.6415,0.6415,0.7634
2,obstacle,pair,5,persist,ped,2303,39,0.4422,0.5578,0.4099
2,obstacle,pair,5,pred,a,2303,39,0.7106,0.7106,0.8467
2,obstacle,pair,5,pred,b,2303,39,0.5243,0.5243,0.5858
2,obstacle,pair,5,pred,c,2303,39,0.4815,0.5185,0.4390
2,obstacle,pair,5,pred,d_front,2303,39,0.3166,0.6834,0.1806
2,obstacle,pair,5,pred,occ,2303,39,0.6630,0.6630,0.8116
2,obstacle,pair,5,pred,ped,2303,39,0.4551,0.5449,0.3860
2,obstacle,pair,10,oracle,a,2303,39,0.7878,0.7878,0.8593
2,obstacle,pair,10,oracle,b,2303,39,0.5291,0.5291,0.5636
2,obstacle,pair,10,oracle,c,2303,39,0.4465,0.5535,0.4012
2,obstacle,pair,10,oracle,d_front,2303,39,0.3454,0.6546,0.2835
2,obstacle,pair,10,oracle,occ,2303,39,0.6147,0.6147,0.6878
2,obstacle,pair,10,oracle,ped,2303,39,0.4029,0.5971,0.3517
2,obstacle,pair,10,persist,a,2303,39,0.7168,0.7168,0.8359
2,obstacle,pair,10,persist,b,2303,39,0.5083,0.5083,0.5502
2,obstacle,pair,10,persist,c,2303,39,0.4586,0.5414,0.4208
2,obstacle,pair,10,persist,d_front,2303,39,0.3366,0.6634,0.2284
2,obstacle,pair,10,persist,occ,2303,39,0.6415,0.6415,0.7634
2,obstacle,pair,10,persist,ped,2303,39,0.4422,0.5578,0.4099
2,obstacle,pair,10,pred,a,2303,39,0.7125,0.7125,0.8328
2,obstacle,pair,10,pred,b,2303,39,0.5262,0.5262,0.5805
2,obstacle,pair,10,pred,c,2303,39,0.4839,0.5161,0.4347
2,obstacle,pair,10,pred,d_front,2303,39,0.3378,0.6622,0.1772
2,obstacle,pair,10,pred,occ,2303,39,0.6396,0.6396,0.7972
2,obstacle,pair,10,pred,ped,2303,39,0.4484,0.5516,0.3756
2,other,null,5,oracle,a,484,21,0.5169,0.5169,0.4483
2,other,null,5,oracle,b,484,21,0.4763,0.5237,0.4876
2,other,null,5,oracle,c,484,21,0.5201,0.5201,0.5579
2,other,null,5,oracle,d_front,484,21,0.4981,0.5019,0.4897
2,other,null,5,oracle,occ,484,21,0.5161,0.5161,0.5785
2,other,null,5,oracle,ped,484,21,0.4385,0.5615,0.3533
2,other,null,5,persist,a,484,21,0.5197,0.5197,0.4525
2,other,null,5,persist,b,484,21,0.4914,0.5086,0.4938
2,other,null,5,persist,c,484,21,0.5362,0.5362,0.5682
2,other,null,5,persist,d_front,484,21,0.5013,0.5013,0.5124
2,other,null,5,persist,occ,484,21,0.5054,0.5054,0.5475
2,other,null,5,persist,ped,484,21,0.4267,0.5733,0.3368
2,other,null,5,pred,a,484,21,0.4966,0.5034,0.4070
2,other,null,5,pred,b,484,21,0.5107,0.5107,0.5413
2,other,null,5,pred,c,484,21,0.5403,0.5403,0.5826
2,other,null,5,pred,d_front,484,21,0.5045,0.5045,0.5103
2,other,null,5,pred,occ,484,21,0.5044,0.5044,0.5558
2,other,null,5,pred,ped,484,21,0.4440,0.5560,0.3616
2,other,null,10,oracle,a,484,21,0.4936,0.5064,0.4070
2,other,null,10,oracle,b,484,21,0.4850,0.5150,0.4773
2,other,null,10,oracle,c,484,21,0.5134,0.5134,0.5455
2,other,null,10,oracle,d_front,484,21,0.4925,0.5075,0.4793
2,other,null,10,oracle,occ,484,21,0.5201,0.5201,0.5971
2,other,null,10,oracle,ped,484,21,0.4642,0.5358,0.4091
2,other,null,10,persist,a,484,21,0.5197,0.5197,0.4525
2,other,null,10,persist,b,484,21,0.4914,0.5086,0.4938
2,other,null,10,persist,c,484,21,0.5362,0.5362,0.5682
2,other,null,10,persist,d_front,484,21,0.5013,0.5013,0.5124
2,other,null,10,persist,occ,484,21,0.5054,0.5054,0.5475
2,other,null,10,persist,ped,484,21,0.4267,0.5733,0.3368
2,other,null,10,pred,a,484,21,0.4903,0.5097,0.4008
2,other,null,10,pred,b,484,21,0.5183,0.5183,0.5310
2,other,null,10,pred,c,484,21,0.5416,0.5416,0.5930
2,other,null,10,pred,d_front,484,21,0.5031,0.5031,0.5041
2,other,null,10,pred,occ,484,21,0.5049,0.5049,0.5620
2,other,null,10,pred,ped,484,21,0.4556,0.5444,0.3905
2,other,pair,5,oracle,a,277,2,0.4969,0.5031,0.5162
2,other,pair,5,oracle,b,277,2,0.4910,0.5090,0.4874
2,other,pair,5,oracle,c,277,2,0.4991,0.5009,0.5018
2,other,pair,5,oracle,d_front,277,2,0.4972,0.5028,0.4729
2,other,pair,5,oracle,occ,277,2,0.5057,0.5057,0.5560
2,other,pair,5,oracle,ped,277,2,0.5096,0.5096,0.5379
2,other,pair,5,persist,a,277,2,0.4976,0.5024,0.5343
2,other,pair,5,persist,b,277,2,0.4892,0.5108,0.4693
2,other,pair,5,persist,c,277,2,0.4978,0.5022,0.4910
2,other,pair,5,persist,d_front,277,2,0.4958,0.5042,0.4585
2,other,pair,5,persist,occ,277,2,0.5095,0.5095,0.5884
2,other,pair,5,persist,ped,277,2,0.5093,0.5093,0.5018
2,other,pair,5,pred,a,277,2,0.4961,0.5039,0.5054
2,other,pair,5,pred,b,277,2,0.4906,0.5094,0.4910
2,other,pair,5,pred,c,277,2,0.5014,0.5014,0.5162
2,other,pair,5,pred,d_front,277,2,0.4916,0.5084,0.4260
2,other,pair,5,pred,occ,277,2,0.5115,0.5115,0.5884
2,other,pair,5,pred,ped,277,2,0.5079,0.5079,0.5235
2,other,pair,10,oracle,a,277,2,0.4956,0.5044,0.5090
2,other,pair,10,oracle,b,277,2,0.4896,0.5104,0.4765
2,other,pair,10,oracle,c,277,2,0.5007,0.5007,0.5235
2,other,pair,10,oracle,d_front,277,2,0.4945,0.5055,0.4549
2,other,pair,10,oracle,occ,277,2,0.5068,0.5068,0.5560
2,other,pair,10,oracle,ped,277,2,0.5215,0.5215,0.5523
2,other,pair,10,persist,a,277,2,0.4976,0.5024,0.5343
2,other,pair,10,persist,b,277,2,0.4892,0.5108,0.4693
2,other,pair,10,persist,c,277,2,0.4978,0.5022,0.4910
2,other,pair,10,persist,d_front,277,2,0.4958,0.5042,0.4585
2,other,pair,10,persist,occ,277,2,0.5095,0.5095,0.5884
2,other,pair,10,persist,ped,277,2,0.5093,0.5093,0.5018
2,other,pair,10,pred,a,277,2,0.4948,0.5052,0.4946
2,other,pair,10,pred,b,277,2,0.4911,0.5089,0.4801
2,other,pair,10,pred,c,277,2,0.5016,0.5016,0.5126
2,other,pair,10,pred,d_front,277,2,0.4919,0.5081,0.4477
2,other,pair,10,pred,occ,277,2,0.5132,0.5132,0.5848
2,other,pair,10,pred,ped,277,2,0.5085,0.5085,0.5271
2,ped,null,5,oracle,a,2489,33,0.5017,0.5017,0.4869
2,ped,null,5,oracle,b,2489,33,0.5491,0.5491,0.6151
2,ped,null,5,oracle,c,2489,33,0.4312,0.5688,0.4062
2,ped,null,5,oracle,d_front,2489,33,0.4253,0.5747,0.3712
2,ped,null,5,oracle,occ,2489,33,0.5371,0.5371,0.4982
2,ped,null,5,oracle,ped,2489,33,0.4149,0.5851,0.3608
2,ped,null,5,persist,a,2489,33,0.5036,0.5036,0.4906
2,ped,null,5,persist,b,2489,33,0.5487,0.5487,0.6171
2,ped,null,5,persist,c,2489,33,0.4293,0.5707,0.4086
2,ped,null,5,persist,d_front,2489,33,0.4249,0.5751,0.3688
2,ped,null,5,persist,occ,2489,33,0.5360,0.5360,0.4994
2,ped,null,5,persist,ped,2489,33,0.4210,0.5790,0.3660
2,ped,null,5,pred,a,2489,33,0.4908,0.5092,0.4669
2,ped,null,5,pred,b,2489,33,0.5222,0.5222,0.5629
2,ped,null,5,pred,c,2489,33,0.4231,0.5769,0.4154
2,ped,null,5,pred,d_front,2489,33,0.4528,0.5472,0.3994
2,ped,null,5,pred,occ,2489,33,0.5337,0.5337,0.4894
2,ped,null,5,pred,ped,2489,33,0.4109,0.5891,0.3524
2,ped,null,10,oracle,a,2489,33,0.5018,0.5018,0.4837
2,ped,null,10,oracle,b,2489,33,0.5430,0.5430,0.6071
2,ped,null,10,oracle,c,2489,33,0.4336,0.5664,0.4106
2,ped,null,10,oracle,d_front,2489,33,0.4242,0.5758,0.3660
2,ped,null,10,oracle,occ,2489,33,0.5402,0.5402,0.5014
2,ped,null,10,oracle,ped,2489,33,0.4108,0.5892,0.3592
2,ped,null,10,persist,a,2489,33,0.5036,0.5036,0.4906
2,ped,null,10,persist,b,2489,33,0.5487,0.5487,0.6171
2,ped,null,10,persist,c,2489,33,0.4293,0.5707,0.4086
2,ped,null,10,persist,d_front,2489,33,0.4249,0.5751,0.3688
2,ped,null,10,persist,occ,2489,33,0.5360,0.5360,0.4994
2,ped,null,10,persist,ped,2489,33,0.4210,0.5790,0.3660
2,ped,null,10,pred,a,2489,33,0.4907,0.5093,0.4701
2,ped,null,10,pred,b,2489,33,0.5224,0.5224,0.5420
2,ped,null,10,pred,c,2489,33,0.4212,0.5788,0.4186
2,ped,null,10,pred,d_front,2489,33,0.4554,0.5446,0.3889
2,ped,null,10,pred,occ,2489,33,0.5425,0.5425,0.4926
2,ped,null,10,pred,ped,2489,33,0.4144,0.5856,0.3491
2,ped,pair,5,oracle,a,7270,27,0.5032,0.5032,0.5000
2,ped,pair,5,oracle,b,7270,27,0.5086,0.5086,0.5000
2,ped,pair,5,oracle,c,7270,27,0.5065,0.5065,0.5260
2,ped,pair,5,oracle,d_front,7270,27,0.4660,0.5340,0.4409
2,ped,pair,5,oracle,occ,7270,27,0.5134,0.5134,0.5499
2,ped,pair,5,oracle,ped,7270,27,0.5416,0.5416,0.6469
2,ped,pair,5,persist,a,7270,27,0.5032,0.5032,0.5019
2,ped,pair,5,persist,b,7270,27,0.5100,0.5100,0.5056
2,ped,pair,5,persist,c,7270,27,0.5062,0.5062,0.5246
2,ped,pair,5,persist,d_front,7270,27,0.4636,0.5364,0.4367
2,ped,pair,5,persist,occ,7270,27,0.5143,0.5143,0.5525
2,ped,pair,5,persist,ped,7270,27,0.5437,0.5437,0.6476
2,ped,pair,5,pred,a,7270,27,0.5033,0.5033,0.5012
2,ped,pair,5,pred,b,7270,27,0.5085,0.5085,0.5037
2,ped,pair,5,pred,c,7270,27,0.5023,0.5023,0.5208
2,ped,pair,5,pred,d_front,7270,27,0.4637,0.5363,0.4358
2,ped,pair,5,pred,occ,7270,27,0.5144,0.5144,0.5545
2,ped,pair,5,pred,ped,7270,27,0.5440,0.5440,0.6464
2,ped,pair,10,oracle,a,7270,27,0.5036,0.5036,0.5023
2,ped,pair,10,oracle,b,7270,27,0.5069,0.5069,0.4955
2,ped,pair,10,oracle,c,7270,27,0.5073,0.5073,0.5275
2,ped,pair,10,oracle,d_front,7270,27,0.4666,0.5334,0.4425
2,ped,pair,10,oracle,occ,7270,27,0.5133,0.5133,0.5497
2,ped,pair,10,oracle,ped,7270,27,0.5411,0.5411,0.6473
2,ped,pair,10,persist,a,7270,27,0.5032,0.5032,0.5019
2,ped,pair,10,persist,b,7270,27,0.5100,0.5100,0.5056
2,ped,pair,10,persist,c,7270,27,0.5062,0.5062,0.5246
2,ped,pair,10,persist,d_front,7270,27,0.4636,0.5364,0.4367
2,ped,pair,10,persist,occ,7270,27,0.5143,0.5143,0.5525
2,ped,pair,10,persist,ped,7270,27,0.5437,0.5437,0.6476
2,ped,pair,10,pred,a,7270,27,0.5030,0.5030,0.5076
2,ped,pair,10,pred,b,7270,27,0.5049,0.5049,0.4945
2,ped,pair,10,pred,c,7270,27,0.5012,0.5012,0.5206
2,ped,pair,10,pred,d_front,7270,27,0.4642,0.5358,0.4337
2,ped,pair,10,pred,occ,7270,27,0.5148,0.5148,0.5512
2,ped,pair,10,pred,ped,7270,27,0.5433,0.5433,0.6466
